Time (s)	MSDx (um^2)	MSDy (um^2)
0.1	0.0271359112891591	0.0271659374263606
0.2	0.0517370409337739	0.0543124772722618
0.3	0.0744791793292268	0.0814500040704674
0.4	0.0957402358412129	0.108588788022997
0.5	0.115768823487071	0.135737096117394
0.6	0.134687126555771	0.162897845980374
0.7	0.152639359363885	0.190071863244812
0.8	0.169698521250412	0.217241381543839
0.9	0.185947688236007	0.244399783880004
1	0.20142347124809	0.271553478733636
1.1	0.216183091009008	0.298696731949545
1.2	0.230247030533954	0.325828464008058
1.3	0.243681495313644	0.352959733576333
1.4	0.256511888594316	0.380068655517335
1.5	0.268758053787838	0.407173562411244
1.6	0.280445309988264	0.434260781976171
1.7	0.291582107614184	0.461336161094923
1.8	0.302192476418062	0.488391991877366
1.9	0.312323493005864	0.515441103281734
2	0.322004334210081	0.542493587958467
2.1	0.33123694253986	0.569564018420026
2.2	0.340045218182321	0.596645075988625
2.3	0.348450614394904	0.623704581299445
2.4	0.356483302039472	0.650761905841382
2.5	0.364138275578516	0.67784969967406
2.6	0.371459200836781	0.704923671258926
2.7	0.378438641873895	0.731989050826452
2.8	0.385116983141505	0.759051921927068
2.9	0.391486344972996	0.786093627703738
3	0.397579809100285	0.813165951141875
3.2	0.408946238977919	0.867289548201729
3.3	0.414270316900369	0.894324833393107
3.4	0.419356661233536	0.921372077730401
3.5	0.424235079930478	0.948412017628046
3.7	0.433321802727057	1.00252670817007
3.8	0.437591845382006	1.02957791791625
4	0.445589201351541	1.08363767586697
4.1	0.449299113398121	1.11068270236588
4.3	0.456278185766164	1.16475512915632
4.5	0.462776425892476	1.21887419865645
4.6	0.465825452501558	1.24594252504201
4.8	0.471480938943463	1.30013092081622
5	0.476629010551375	1.35428522864993
5.2	0.481331466383442	1.40844147239151
5.4	0.485629975260076	1.46253021768879
5.6	0.489552106465468	1.51661961197048
5.8	0.493165694290679	1.57073755567713
6.1	0.498120046499366	1.65190057451995
6.3	0.501107892445069	1.70598279874145
6.6	0.505275437656396	1.78715985306321
6.8	0.507848332137909	1.8412545048672
7.1	0.511290585671451	1.92225997688668
7.4	0.514209164004322	2.00326370004855
7.6	0.51601189229185	2.05730050154959
7.9	0.518447449337457	2.13833322941389
8.3	0.521263235286462	2.2462391314111
8.6	0.523190135927157	2.32729382873307
8.9	0.525050198732945	2.40845625184879
9.3	0.527304357307843	2.51661945342933
9.6	0.528983010202388	2.59778363369601
10	0.531087003915299	2.70596766440757
10.4	0.532893158898771	2.81427147856253
10.8	0.534606545716195	2.92254648921317
11.2	0.53648529380263	3.03073227113735
11.7	0.538768177371643	3.16588069790974
12.1	0.540401887214095	3.27410059437367
12.6	0.542096223393233	3.40939594293341
13.1	0.543485688776478	3.54451628532447
13.6	0.544736200963639	3.67966031125406
14.1	0.546127153902113	3.81451213568241
14.7	0.54783573551665	3.97594756888943
15.3	0.549534129024977	4.13710732078175
15.8	0.550969723694534	4.27164187611073
16.5	0.552939545240206	4.46003706559222
17.1	0.55469200785082	4.62147240481516
17.8	0.556840365880072	4.80938323153556
18.5	0.558699591375508	4.99699980705682
19.2	0.560682908990829	5.18417203387579
20	0.562809430307402	5.39825590990613
20.7	0.564344720160524	5.586299743419
21.5	0.565973773435421	5.80128973859836
22.4	0.568268619812254	6.0429900156363
23.3	0.570738445259286	6.28412737976697
24.2	0.573142746112496	6.5255583137308
25.1	0.575470899754786	6.76735524427192
26.1	0.578416065519267	7.03603912194686
27.1	0.581789035586572	7.30488985248711
28.2	0.584915220756754	7.60195055993069
29.3	0.58777029090657	7.89969806203467
30.4	0.590619631185112	8.19766405855435
31.6	0.594005302171957	8.52132824153493
32.9	0.597013923144153	8.87179221744301
34.1	0.600324650340989	9.19484119119213
35.5	0.604280372577792	9.57006513526863
36.9	0.607686206883798	9.94466348966891
38.3	0.610777912821371	10.3189915735572
39.8	0.613943890494557	10.7200822831765
41.4	0.617820342701296	11.1481320726675
43	0.622543780985165	11.5768096019327
44.7	0.627686699235258	12.0314805338542
46.4	0.632421880353585	12.485266373789
48.2	0.637481097306201	12.9629006315653
50.1	0.643496116749623	13.4688020033595
52.1	0.648702812650457	14.0021327372632
54.1	0.653727633328278	14.5346004488976
56.2	0.659537934944356	15.0938220596994
58.4	0.665209980801985	15.6805062950044
60.7	0.670898819761036	16.2931260832447
63.1	0.677303565713867	16.9295977584243
65.6	0.684594637139455	17.5927341899077
68.1	0.69032135949322	18.2535471927055
70.8	0.6971281487152	18.96841532698
73.6	0.703958389002879	19.7113658193729
76.4	0.711803043594412	20.4542061538972
79.4	0.719883717151562	21.2498747546997
82.5	0.728336208718022	22.0726637912293
85.8	0.737409041631418	22.9491219963902
89.1	0.745247712180463	23.8227408536689
92.6	0.755432076465522	24.7514523335705
96.2	0.764905354511965	25.7081724258914
100	0.773908602885348	26.7153161978824
103.9	0.784288832778964	27.7498831023622
108	0.795638108111889	28.8400560757483
112.2	0.805782678022433	29.9581229631941
116.6	0.817359175575351	31.1251931286404
121.2	0.830911225130341	32.3444572509414
125.9	0.843506158126019	33.591201155392
130.8	0.856153262987409	34.8905214401741
135.9	0.869277601669897	36.2448705551947
141.3	0.883512024246152	37.6818398595796
146.8	0.897531109159691	39.141454770221
152.5	0.911629911142773	40.6479509892567
158.5	0.929128593725179	42.2316515072417
164.7	0.946098267992283	43.8761697434187
171.1	0.964188088320427	45.5755565297517
177.8	0.984371035436432	47.3515594141132
184.8	1.00275289625928	49.2107339400392
192	1.02172867132223	51.1199318921128
199.5	1.04188372164213	53.1055842596344
207.3	1.06270955569054	55.1691755980153
215.4	1.08576353673723	57.3191359909609
223.9	1.10836779118323	59.5675847729049
232.6	1.13127981956776	61.8673341050803
241.7	1.1558489872105	64.281789040765
251.2	1.18082527048025	66.8110864252751
261	1.20844789702788	69.4059073544394
271.2	1.23302567916926	72.0908776346312
281.8	1.26532824378616	74.8679854151111
292.9	1.29722426366768	77.7620886438709
304.3	1.32891625754243	80.7083881856107
316.2	1.36119305392275	83.779888563721
328.6	1.39617957132851	86.9951916361285
341.4	1.43275595772202	90.3059527163129
354.8	1.47137435611588	93.7562703232763
368.7	1.51097320371062	97.3232178362089
383.1	1.55210698211347	101.028472596817
398.1	1.59475348741625	104.912803326466
413.7	1.63668550612061	108.930531843424
429.9	1.6822921958967	113.105224080811
446.7	1.72863762791588	117.47812382365
464.2	1.77659694962649	122.045694663744
482.3	1.82629375399142	126.726776603255
501.2	1.8781143781689	131.653838016986
520.8	1.93437894985821	136.815778466835
541.2	1.98905160781741	142.176253891924
562.3	2.04813999143456	147.631334344564
584.3	2.106504089023	153.359844545252
607.2	2.17001822870116	159.378702741594
630.9	2.2341353417776	165.666852488349
655.6	2.30438238203369	172.227750581781
681.3	2.37703631007313	179.059332511623
707.9	2.44993013644583	186.174334561208
735.6	2.52285679578961	193.470635974421
764.4	2.60158615578488	201.060453207229
794.3	2.6826371125964	208.938233381933
825.4	2.76760309319395	217.112607320688
857.7	2.85638389042156	225.472783356924
891.2	2.95010629767471	234.22287141879
926.1	3.04852942385849	243.246591002544
962.3	3.15092214973881	252.442819390489
1000	3.2568557933867	262.010694052722
1039.1	3.36577715266581	271.842350665914
1079.8	3.48026415574261	281.995398270667
1122	3.59858434077461	292.530762688297
1165.9	3.72266581907748	303.590493896055
1211.5	3.85336812867898	314.84308978047
1258.9	3.98691335043868	326.444051117368
1308.2	4.12451018453319	338.71798281105
1359.3	4.27352097726002	351.334954880085
1412.5	4.4244918098561	364.735539847712
1467.8	4.5833593822719	378.704468553521
1525.2	4.75141189562579	393.139778358426
1584.9	4.92395502642157	407.929279918019
1646.9	5.1046175225668	423.968653043471
1711.3	5.29206403231186	441.120658322016
1778.2	5.49321325246482	459.287530468849
1847.8	5.69791865935568	478.170972068312
1920.1	5.90209994546403	498.91799712475
1995.2	6.11976469512772	521.121394826426
2073.3	6.3385794356782	544.190481746657
2154.4	6.57158395839039	568.293203459259
2238.7	6.81171858098486	593.461253448561
2326.3	7.05767565394337	619.494417071247
2417.3	7.32495009378837	646.836307138777
2511.8	7.60405023383004	675.309501522232
2610.1	7.89170573901667	705.187657190755
2712.2	8.2024213993739	735.531285832714
2818.3	8.51393426336237	766.419890608804
2928.6	8.83111296261385	797.586086909552
3043.2	9.16477226264435	830.185302108894
3162.2	9.51576218250726	864.556869978338
3285.9	9.89114644273408	899.20510082246
3414.5	10.2744113571934	934.28308062363
3548.1	10.6660002920145	971.133133430728
3686.9	11.0751982144328	1008.33554881852
3831.1	11.5295093000051	1045.19719446967
3981	12.0049941768182	1084.71169160927
4136.7	12.4913665780601	1127.60316145124
4298.6	12.9714555936311	1171.92450970654
4466.7	13.4387039558618	1217.31666727811
4641.5	13.9791946451561	1262.30689007157
4823.1	14.5578269352842	1312.67393212852
5011.8	15.119811788088	1367.9229566791
5207.8	15.6573465931754	1429.69934986304
5411.6	16.215522786708	1495.66972786906
5623.3	16.7449437057098	1567.1005267466
5843.3	17.2911237990192	1642.54748807245
6071.9	17.9101624165643	1722.98099143585
6309.4	18.5233534430339	1807.48271125366
6556.3	19.050789121298	1896.73678301006
6812.8	19.5265374031485	1989.82566033798
7079.3	19.993156500812	2083.38044380104
7356.3	20.3403293006682	2170.55827493488
7644.1	20.6831263606252	2234.87913890476
7943.1	21.1070912654471	2299.88476720484
8253.9	21.4810431342718	2394.16022936751
8576.8	21.9352978165677	2543.22767310337
8912.3	22.4211478101432	2734.48236130264
9261	22.6594552878856	2912.85070573029
9623.3	23.2042671411154	3082.47444415153
