Time (s)	MSDx (um^2)	MSDy (um^2)
0.1	0.0271439245909052	0.0271383140920711
0.2	0.0518518648777546	0.0542852760691955
0.3	0.0748187193184535	0.0814036584697051
0.4	0.0963808505626066	0.108544285059467
0.5	0.116720256600721	0.13566634530809
0.6	0.136000772028456	0.162793187128775
0.7	0.154320633590243	0.189945180368308
0.8	0.171782339914793	0.217099428265551
0.9	0.18848048460713	0.244269317577068
1	0.204420425360803	0.271441344174789
1.1	0.219649172202289	0.298576402610305
1.2	0.23426742044804	0.325723438573283
1.3	0.248269832890649	0.352839869436668
1.4	0.261711508732049	0.379957701746513
1.5	0.274580421120096	0.407048240722906
1.6	0.286940741145577	0.434175558119299
1.7	0.298820131077657	0.461300771279
1.8	0.310269631013195	0.488443242088306
1.9	0.321284841170655	0.515575754088493
2	0.331885311713704	0.542705202813486
2.1	0.342108547167867	0.569853069602935
2.2	0.351942534962685	0.596977732261905
2.4	0.370637168936959	0.651228673309683
2.5	0.379506168499545	0.67836710460428
2.7	0.396335462104824	0.732670026909114
2.8	0.404301545025134	0.759831717526763
3	0.419516577593134	0.814167616960418
3.2	0.43378847032062	0.868580483293998
3.3	0.440602440989838	0.895808664951178
3.5	0.453639294851481	0.950245353866785
3.8	0.471813426064898	1.03191249388262
4	0.48309018369651	1.08640135873569
4.2	0.493767826948705	1.14086332565567
4.5	0.50881713157492	1.2224799741507
4.7	0.518295697721625	1.27682788606184
5	0.531684809669198	1.35838149749317
5.3	0.544223689744358	1.44000821599693
5.6	0.556088396225285	1.52157849507969
6	0.570971347701184	1.63025429416048
6.3	0.581593567405517	1.71174811125265
6.7	0.594948443711903	1.8204895536344
7.1	0.607748739713313	1.92922739359211
7.5	0.620359919922171	2.03802936763801
7.9	0.632520339322184	2.14694161007938
8.4	0.647378311111498	2.28329780469654
8.9	0.661828294080115	2.4196924959071
9.4	0.675872959426039	2.55594770910458
10	0.692332638490962	2.71963456583984
10.6	0.708616932993674	2.88297425753432
11.2	0.724546456692941	3.04584399307127
11.9	0.742945968291955	3.23606584154448
12.6	0.761090083428267	3.42629441019538
13.3	0.779280589337453	3.61662271703618
14.1	0.799953709514652	3.83493685785955
15	0.823347262277448	4.08062353802131
15.8	0.844028688587351	4.29907537050248
16.8	0.870003753610398	4.57179324098783
17.8	0.895640219997041	4.84464393055339
18.8	0.920778209566376	5.11820998262433
20	0.95183425334057	5.44662006383487
21.1	0.980249687522526	5.74767855122678
22.4	1.01347766779988	6.10246756808793
23.7	1.04727575648655	6.45750692999312
25.1	1.08336330183736	6.841130108476
26.6	1.12152684339878	7.25109990838345
28.2	1.16253103962627	7.68809147886942
29.9	1.20598701197009	8.15049215484012
31.6	1.24930665219736	8.61127853908646
33.5	1.29798306772191	9.12655489033074
35.5	1.34954117304088	9.66791744757514
37.6	1.40437136587435	10.2334397264164
39.8	1.46201559973448	10.8262988989834
42.2	1.52401726551422	11.4758719977897
44.7	1.58925501419545	12.1521469339132
47.3	1.65677090802346	12.855362561503
50.1	1.73001892851414	13.6121476116701
53.1	1.80762228305373	14.4233365474956
56.2	1.88813548703574	15.2619061381999
59.6	1.97714342381139	16.1791401240467
63.1	2.06703156040097	17.119554353264
66.8	2.16402747021057	18.1054543883995
70.8	2.26678902037872	19.1669948537447
75	2.37555468345463	20.2762150486889
79.4	2.4888113783571	21.4331933460466
84.1	2.6083636663088	22.6681168668192
89.1	2.73781790326692	23.9740363559947
94.4	2.87372369731859	25.3648753355853
100	3.01980690068361	26.8365790303986
105.9	3.17036222223788	28.3832785618531
112.2	3.33175267780948	30.0421543672253
118.8	3.50099529449029	31.7828875447711
125.9	3.68191318916115	33.6557461239992
133.4	3.87241720935005	35.632687067188
141.3	4.07099328276457	37.7239411123019
149.6	4.27955949320128	39.9388280514879
158.5	4.50549287921621	42.3179989436669
167.9	4.74068835025722	44.8265259712409
177.8	4.98752835346948	47.4692856574187
188.4	5.25304055425031	50.2863432679824
199.5	5.52743241181338	53.2423528440431
211.3	5.82157981507634	56.4015309613846
223.9	6.13396879219737	59.7572434317752
237.1	6.46132818590984	63.2392806065173
251.2	6.81557237836932	66.9732213746384
266.1	7.1920424731838	70.9608646874865
281.8	7.58943143182199	75.1676914996886
298.5	8.01557826955483	79.6441938550523
316.2	8.46994923879972	84.37946070879
335	8.95553608882945	89.419258322799
354.8	9.46402709993888	94.7184038692675
375.8	10.0013544977079	100.344537848573
398.1	10.5703174763422	106.282164314916
421.7	11.1682937863232	112.639499121869
446.7	11.8002089180723	119.367148506052
473.1	12.4685379129201	126.563905093574
501.2	13.172566159238	134.299959966139
530.9	13.9114488965306	142.498397193245
562.3	14.6985136735681	151.30907168099
595.7	15.553892524175	160.715381114936
631	16.4894156973062	170.636683659326
668.3	17.4780641602235	181.14504324398
707.9	18.5317600501546	192.315490121484
749.9	19.6362878399525	204.026983369433
794.3	20.7742139153658	216.441649601702
841.4	21.9771667895752	229.837406187325
891.2	23.2262912248968	244.040908865343
944.1	24.5307559900435	258.881424068266
1000	25.8919296783609	274.292779215685
1059.2	27.3609028703782	290.560071631834
1122	28.9468702702596	307.668036449891
1188.5	30.6107291563899	325.5348064979
1258.9	32.3583482113898	344.404889848845
1333.5	34.2261157204216	364.606374964288
1412.5	36.1317632732989	386.283236054133
1496.2	38.08194088489	408.713327589285
1584.9	40.1105872776966	432.336500989367
1678.8	42.2472287664228	457.617707734148
1778.3	44.5593930348059	484.576912461044
1883.6	46.9440639132	513.626865144238
1995.3	49.5361451517311	544.205742161973
2113.5	52.3932727504067	575.754954987738
2238.7	55.5184981059642	609.606030583571
2371.4	58.8726127596463	646.810520429391
2511.9	62.3747877997105	685.935285452464
2660.7	65.9797757502338	726.157632496232
2818.4	69.9018409225133	769.722300554052
2985.4	73.917505841323	813.689936842987
3162.3	78.235077763895	857.001552396507
3349.6	82.8721364767664	903.093849849146
3548.1	88.2649896801852	953.331575857761
3758.4	94.2299299751423	1007.11436304739
3981	100.967137753424	1064.22643856248
4216.9	107.877742734423	1125.13336276986
4466.8	115.466774040794	1190.74215897822
4731.5	123.935760917938	1263.50131992239
5011.8	133.066766827861	1345.96421958116
5308.8	142.162152067672	1435.08964262278
5623.4	151.320866505307	1522.74241296783
5956.6	161.893162598595	1612.38066844545
6309.5	172.703419623703	1715.49921828778
6683.4	184.055758386407	1807.37092533371
7079.4	196.940891749674	1909.77780154311
7498.9	211.432559343876	2009.71599599777
7943.2	226.260543981956	2091.20581363269
8413.9	241.555974147987	2181.52792616726
8912.5	254.728682576726	2309.37736140816
9440.6	268.794652133367	2451.49107887091
